1.000000000000000000e+00 4.360000480680947810e-02 7.680000846704038153e-02
1.100000000000000089e+00 4.400000485090838076e-02 7.640000842294125682e-02
1.199999999999999956e+00 4.360000480680947810e-02 7.640000842294103478e-02
1.300000000000000044e+00 4.360000480680947810e-02 7.600000837884213212e-02
1.399999999999999911e+00 4.320000476271057543e-02 7.520000829064388270e-02
1.500000000000000000e+00 4.320000476271057543e-02 7.400000815834628654e-02
1.600000000000000089e+00 4.240000467451188193e-02 7.200000793785044095e-02
1.699999999999999956e+00 4.160000458631385456e-02 6.840000754095809654e-02
1.800000000000000044e+00 3.920000432171844018e-02 6.120000674717296363e-02
1.850000000000000089e+00 3.800000418942106606e-02 5.720000630618127246e-02
1.899999999999999911e+00 3.640000401302434518e-02 5.200000573289198513e-02
1.949999999999999956e+00 3.600000396892522048e-02 4.760000524780139131e-02
2.000000000000000000e+00 3.760000414532194135e-02 4.360000480680925605e-02
2.049999999999999822e+00 4.120000454221450781e-02 4.160000458631341047e-02
2.100000000000000089e+00 4.600000507140444839e-02 4.080000449811516106e-02
2.149999999999999911e+00 5.040000555649548630e-02 4.080000449811560514e-02
2.200000000000000178e+00 5.480000604158630217e-02 4.160000458631296638e-02
2.299999999999999822e+00 6.120000674717274158e-02 4.240000467451165989e-02
2.399999999999999911e+00 6.520000718816487684e-02 4.320000476271035339e-02
2.500000000000000000e+00 6.840000754095787450e-02 4.360000480680925605e-02
2.600000000000000089e+00 7.000000771735481742e-02 4.360000480680970014e-02
2.700000000000000178e+00 7.120000784965219154e-02 4.360000480680925605e-02
2.799999999999999822e+00 7.200000793785044095e-02 4.400000485090860280e-02
2.899999999999999911e+00 7.280000802604824628e-02 4.400000485090860280e-02
3.000000000000000000e+00 7.360000811424716183e-02 4.400000485090860280e-02
