1.000000000000000000e+00 4.400000485090838076e-02 7.640000842294147887e-02
1.100000000000000089e+00 4.400000485090860280e-02 7.600000837884168803e-02
1.199999999999999956e+00 4.400000485090860280e-02 7.600000837884213212e-02
1.300000000000000044e+00 4.400000485090882485e-02 7.560000833474322945e-02
1.399999999999999911e+00 4.400000485090838076e-02 7.560000833474278537e-02
1.500000000000000000e+00 4.360000480680925605e-02 7.520000829064388270e-02
1.600000000000000089e+00 4.320000476271035339e-02 7.440000820244563329e-02
1.699999999999999956e+00 4.320000476271035339e-02 7.320000807014825916e-02
1.800000000000000044e+00 4.200000463041253518e-02 7.000000771735415128e-02
1.850000000000000089e+00 4.160000458631385456e-02 6.680000736456115362e-02
1.899999999999999911e+00 4.080000449811516106e-02 6.240000687947055980e-02
1.949999999999999956e+00 4.320000476271057543e-02 5.640000621798302305e-02
2.000000000000000000e+00 4.880000538009854338e-02 5.040000555649504221e-02
2.049999999999999822e+00 5.680000626208192571e-02 4.680000515960225371e-02
2.100000000000000089e+00 6.360000701176815596e-02 4.520000498320619897e-02
2.149999999999999911e+00 6.840000754095787450e-02 4.440000489500750547e-02
2.200000000000000178e+00 7.080000780555284479e-02 4.440000489500794956e-02
2.299999999999999822e+00 7.320000807014803712e-02 4.440000489500750547e-02
2.399999999999999911e+00 7.440000820244563329e-02 4.440000489500794956e-02
2.500000000000000000e+00 7.520000829064366066e-02 4.440000489500750547e-02
2.600000000000000089e+00 7.600000837884213212e-02 4.440000489500794956e-02
2.700000000000000178e+00 7.560000833474300741e-02 4.440000489500794956e-02
2.799999999999999822e+00 7.640000842294125682e-02 4.440000489500794956e-02
2.899999999999999911e+00 7.600000837884213212e-02 4.440000489500794956e-02
3.000000000000000000e+00 7.640000842294103478e-02 4.440000489500750547e-02
