1.000000000000000000e+00 8.560000943722212430e-02 6.720000740866050037e-02
1.100000000000000089e+00 8.520000939312288857e-02 6.520000718816421070e-02
1.199999999999999956e+00 8.480000934902376386e-02 6.240000687947055980e-02
1.300000000000000044e+00 8.400000926082573649e-02 5.960000657077602071e-02
1.399999999999999911e+00 8.280000912852791828e-02 5.600000617388367630e-02
1.500000000000000000e+00 8.040000886393317003e-02 5.280000582109023455e-02
1.600000000000000089e+00 7.800000859933797770e-02 4.960000546829634871e-02
1.699999999999999956e+00 7.280000802604869037e-02 4.720000520370204455e-02
1.800000000000000044e+00 6.640000732046202891e-02 4.680000515960314189e-02
1.850000000000000089e+00 6.200000683537099100e-02 4.760000524780094722e-02
1.899999999999999911e+00 5.680000626208236980e-02 4.920000542419744605e-02
1.949999999999999956e+00 5.120000564469373572e-02 5.160000568879263838e-02
2.000000000000000000e+00 4.640000511550357309e-02 5.440000599748673338e-02
2.049999999999999822e+00 4.120000454221406372e-02 5.800000639437952188e-02
2.100000000000000089e+00 3.720000410122281664e-02 6.200000683537165713e-02
2.149999999999999911e+00 3.400000374842937489e-02 6.560000723226400154e-02
2.200000000000000178e+00 3.200000352793330727e-02 6.880000758505699920e-02
2.299999999999999822e+00 3.040000335153703048e-02 7.480000824654409186e-02
2.399999999999999911e+00 3.000000330743768373e-02 7.920000873163557387e-02
2.500000000000000000e+00 3.200000352793375136e-02 8.160000899623076620e-02
2.600000000000000089e+00 3.480000383662784635e-02 8.320000917262726503e-02
2.700000000000000178e+00 3.800000418942106606e-02 8.440000930492441711e-02
2.799999999999999822e+00 4.120000454221450781e-02 8.520000939312311061e-02
2.899999999999999911e+00 4.400000485090904689e-02 8.560000943722245736e-02
3.000000000000000000e+00 4.720000520370182251e-02 8.640000952542026269e-02
