1.000000000000000000e+00 8.400000926082507036e-03 7.440000820244563329e-02
1.100000000000000089e+00 8.400000926082507036e-03 7.320000807014803712e-02
1.199999999999999956e+00 8.400000926082507036e-03 7.160000789375109420e-02
1.300000000000000044e+00 8.800000970181853788e-03 6.960000767325524862e-02
1.399999999999999911e+00 8.800000970181853788e-03 6.680000736456115362e-02
1.500000000000000000e+00 8.400000926082507036e-03 6.280000692356946246e-02
1.600000000000000089e+00 8.000000881983160284e-03 5.720000630618127246e-02
1.699999999999999956e+00 8.400000926082507036e-03 5.000000551239613955e-02
1.800000000000000044e+00 8.400000926082507036e-03 4.120000454221406372e-02
1.850000000000000089e+00 8.800000970181853788e-03 3.600000396892522048e-02
1.899999999999999911e+00 9.600001058379881158e-03 3.080000339563637723e-02
1.949999999999999956e+00 1.120000123477660203e-02 2.560000282234664581e-02
2.000000000000000000e+00 1.400000154347114112e-02 2.080000229315670524e-02
2.049999999999999822e+00 1.720000189626391673e-02 1.640000180806566732e-02
2.100000000000000089e+00 2.080000229315670524e-02 1.400000154347136316e-02
2.149999999999999911e+00 2.480000273414861844e-02 1.200000132297507349e-02
2.200000000000000178e+00 2.920000321923943432e-02 1.040000114657813057e-02
2.299999999999999822e+00 3.680000405712324785e-02 9.600001058379881158e-03
2.399999999999999911e+00 4.400000485090860280e-02 8.800000970182075832e-03
2.500000000000000000e+00 4.960000546829679280e-02 8.800000970181631743e-03
2.600000000000000089e+00 5.440000599748651133e-02 8.800000970181631743e-03
2.700000000000000178e+00 5.800000639437974392e-02 8.800000970181631743e-03
2.799999999999999822e+00 6.080000670307383892e-02 8.400000926082729080e-03
2.899999999999999911e+00 6.280000692356946246e-02 8.400000926082729080e-03
3.000000000000000000e+00 6.480000714406508600e-02 8.800000970181187654e-03
