1.000000000000000000e+00 9.200001014280756451e-03 7.600000837884213212e-02
1.100000000000000089e+00 8.800000970181853788e-03 7.600000837884168803e-02
1.199999999999999956e+00 8.800000970181631743e-03 7.600000837884213212e-02
1.300000000000000044e+00 8.800000970181853788e-03 7.560000833474322945e-02
1.399999999999999911e+00 8.800000970181853788e-03 7.520000829064343861e-02
1.500000000000000000e+00 8.800000970181853788e-03 7.480000824654453595e-02
1.600000000000000089e+00 8.400000926082507036e-03 7.360000811424693978e-02
1.699999999999999956e+00 8.400000926082729080e-03 7.200000793785044095e-02
1.800000000000000044e+00 9.200001014280978495e-03 6.720000740866050037e-02
1.850000000000000089e+00 1.040000114657857466e-02 6.320000696766880921e-02
1.899999999999999911e+00 1.400000154347069703e-02 5.520000608568542688e-02
1.949999999999999956e+00 2.200000242545452345e-02 4.440000489500794956e-02
2.000000000000000000e+00 3.520000388072652697e-02 3.160000348383462665e-02
2.049999999999999822e+00 4.880000538009854338e-02 2.080000229315670524e-02
2.100000000000000089e+00 5.880000648257777129e-02 1.480000163166916849e-02
2.149999999999999911e+00 6.520000718816509888e-02 1.160000127887572674e-02
2.200000000000000178e+00 6.880000758505722125e-02 1.040000114657857466e-02
2.299999999999999822e+00 7.240000798194978771e-02 9.200001014280534406e-03
2.399999999999999911e+00 7.440000820244563329e-02 9.200001014281422584e-03
2.500000000000000000e+00 7.520000829064366066e-02 8.800000970181631743e-03
2.600000000000000089e+00 7.520000829064343861e-02 8.800000970181631743e-03
2.700000000000000178e+00 7.560000833474300741e-02 8.800000970181187654e-03
2.799999999999999822e+00 7.560000833474322945e-02 8.800000970182075832e-03
2.899999999999999911e+00 7.600000837884213212e-02 8.800000970181631743e-03
3.000000000000000000e+00 7.600000837884168803e-02 9.200001014281422584e-03
