1.000000000000000000e+00 8.400000926082618058e-03 6.400000705586705863e-02
1.100000000000000089e+00 8.800000970181853788e-03 6.160000679127231038e-02
1.199999999999999956e+00 8.400000926082507036e-03 5.840000643847842454e-02
1.300000000000000044e+00 8.400000926082729080e-03 5.400000595338738663e-02
1.399999999999999911e+00 8.000000881983382328e-03 4.960000546829679280e-02
1.500000000000000000e+00 8.000000881983382328e-03 4.480000493910640813e-02
1.600000000000000089e+00 8.000000881983382328e-03 3.920000432171821814e-02
1.699999999999999956e+00 7.600000837884257621e-03 3.240000357203243198e-02
1.800000000000000044e+00 7.600000837884479665e-03 2.640000291054533932e-02
1.850000000000000089e+00 7.600000837884035576e-03 2.360000260185080023e-02
1.899999999999999911e+00 8.000000881983382328e-03 2.080000229315670524e-02
1.949999999999999956e+00 8.000000881983160284e-03 1.840000202856195699e-02
2.000000000000000000e+00 8.800000970181853788e-03 1.560000171986786199e-02
2.049999999999999822e+00 9.600001058380103203e-03 1.320000145527266966e-02
2.100000000000000089e+00 1.080000119067747733e-02 1.200000132297507349e-02
2.149999999999999911e+00 1.240000136707419820e-02 1.080000119067703324e-02
2.200000000000000178e+00 1.400000154347114112e-02 1.040000114657857466e-02
2.299999999999999822e+00 1.680000185216523612e-02 9.200001014280978495e-03
2.399999999999999911e+00 2.040000224905780257e-02 8.800000970182075832e-03
2.500000000000000000e+00 2.440000269004927169e-02 8.800000970181631743e-03
2.600000000000000089e+00 2.920000321923965636e-02 8.800000970181631743e-03
2.700000000000000178e+00 3.400000374842915285e-02 8.800000970182075832e-03
2.799999999999999822e+00 3.800000418942106606e-02 8.800000970181631743e-03
2.899999999999999911e+00 4.200000463041253518e-02 8.800000970181187654e-03
3.000000000000000000e+00 4.440000489500794956e-02 8.800000970182075832e-03
