1.000000000000000000e+00 8.880000979001567707e-02 7.640000842294147887e-02
1.100000000000000089e+00 8.880000979001545502e-02 7.640000842294103478e-02
1.199999999999999956e+00 8.880000979001545502e-02 7.640000842294147887e-02
1.300000000000000044e+00 8.920000983411457973e-02 7.640000842294125682e-02
1.399999999999999911e+00 8.920000983411480178e-02 7.600000837884213212e-02
1.500000000000000000e+00 8.960000987821392648e-02 7.560000833474322945e-02
1.600000000000000089e+00 9.080001001051152265e-02 7.560000833474300741e-02
1.699999999999999956e+00 9.320001027510649294e-02 7.480000824654475799e-02
1.800000000000000044e+00 1.044000115098833170e-01 7.360000811424738387e-02
1.850000000000000089e+00 1.032000113775854988e-01 7.280000802604913446e-02
1.899999999999999911e+00 9.040000996641217590e-02 7.280000802604869037e-02
1.949999999999999956e+00 8.960000987821414853e-02 7.520000829064388270e-02
2.000000000000000000e+00 7.560000833474300741e-02 9.120001005461109145e-02
2.049999999999999822e+00 7.080000780555284479e-02 9.400001036330474236e-02
2.100000000000000089e+00 7.120000784965241358e-02 9.600001058380103203e-02
2.149999999999999911e+00 7.240000798194934362e-02 1.040000114657839703e-01
2.200000000000000178e+00 7.360000811424716183e-02 1.164000128328579464e-01
2.299999999999999822e+00 7.480000824654431391e-02 1.164000128328579464e-01
2.399999999999999911e+00 7.560000833474322945e-02 9.480001045150299177e-02
2.500000000000000000e+00 7.560000833474300741e-02 9.280001023100714619e-02
2.600000000000000089e+00 7.600000837884213212e-02 9.160001009870955002e-02
2.700000000000000178e+00 7.640000842294125682e-02 9.120001005461064736e-02
2.799999999999999822e+00 7.640000842294125682e-02 9.040000996641239794e-02
2.899999999999999911e+00 7.600000837884213212e-02 9.000000992231305119e-02
3.000000000000000000e+00 7.640000842294103478e-02 9.000000992231305119e-02
