1.000000000000000000e+00 4.280000471861111766e-02 6.520000718816509888e-02
1.100000000000000089e+00 4.240000467451188193e-02 6.320000696766880921e-02
1.199999999999999956e+00 4.200000463041275722e-02 6.000000661487581155e-02
1.300000000000000044e+00 4.120000454221428576e-02 5.640000621798302305e-02
1.399999999999999911e+00 4.080000449811516106e-02 5.240000577699133189e-02
1.500000000000000000e+00 4.000000440991691164e-02 4.800000529190073806e-02
1.600000000000000089e+00 3.800000418942106606e-02 4.320000476271079748e-02
1.699999999999999956e+00 3.640000401302434518e-02 3.880000427761931547e-02
1.800000000000000044e+00 3.280000361613177873e-02 3.560000392482631781e-02
1.850000000000000089e+00 3.120000343973527990e-02 3.400000374842937489e-02
1.899999999999999911e+00 2.920000321923965636e-02 3.320000366023068139e-02
1.949999999999999956e+00 2.720000299874381078e-02 3.240000357203243198e-02
2.000000000000000000e+00 2.520000277824774315e-02 3.280000361613222282e-02
2.049999999999999822e+00 2.360000260185080023e-02 3.280000361613177873e-02
2.100000000000000089e+00 2.280000251365277286e-02 3.360000370433002814e-02
2.149999999999999911e+00 2.200000242545452345e-02 3.480000383662762431e-02
2.200000000000000178e+00 2.240000246955320407e-02 3.560000392482631781e-02
2.299999999999999822e+00 2.280000251365277286e-02 3.760000414532216340e-02
2.399999999999999911e+00 2.480000273414861844e-02 3.920000432171866223e-02
2.500000000000000000e+00 2.800000308694183815e-02 4.040000445401625839e-02
2.600000000000000089e+00 3.200000352793375136e-02 4.120000454221450781e-02
2.700000000000000178e+00 3.600000396892522048e-02 4.200000463041275722e-02
2.799999999999999822e+00 3.960000436581778693e-02 4.240000467451210397e-02
2.899999999999999911e+00 4.280000471861100664e-02 4.240000467451210397e-02
3.000000000000000000e+00 4.560000502730554572e-02 4.280000471861100664e-02
