1.000000000000000000e+00 8.760000965771808090e-02 7.600000837884257621e-02
1.100000000000000089e+00 8.720000961361895619e-02 7.520000829064388270e-02
1.199999999999999956e+00 8.680000956951983149e-02 7.440000820244518920e-02
1.300000000000000044e+00 8.680000956951983149e-02 7.320000807014803712e-02
1.399999999999999911e+00 8.600000948132136003e-02 7.080000780555284479e-02
1.500000000000000000e+00 8.480000934902398591e-02 6.800000749685874979e-02
1.600000000000000089e+00 8.320000917262726503e-02 6.480000714406530804e-02
1.699999999999999956e+00 8.040000886393294799e-02 6.080000670307361688e-02
1.800000000000000044e+00 7.440000820244518920e-02 5.720000630618082837e-02
1.850000000000000089e+00 6.960000767325569271e-02 5.560000612978477363e-02
1.899999999999999911e+00 6.320000696766880921e-02 5.560000612978477363e-02
1.949999999999999956e+00 5.640000621798280100e-02 5.680000626208192571e-02
2.000000000000000000e+00 4.960000546829701484e-02 6.000000661487536746e-02
2.049999999999999822e+00 4.480000493910707426e-02 6.400000705586705863e-02
2.100000000000000089e+00 4.200000463041253518e-02 6.880000758505699920e-02
2.149999999999999911e+00 4.040000445401625839e-02 7.360000811424693978e-02
2.200000000000000178e+00 4.120000454221406372e-02 7.720000851113972828e-02
2.299999999999999822e+00 4.480000493910663018e-02 8.200000904033011295e-02
2.399999999999999911e+00 5.000000551239636160e-02 8.440000930492486120e-02
2.500000000000000000e+00 5.440000599748695542e-02 8.560000943722245736e-02
2.600000000000000089e+00 5.760000635028017513e-02 8.640000952542070678e-02
2.700000000000000178e+00 6.080000670307361688e-02 8.720000961361851211e-02
2.799999999999999822e+00 6.280000692356946246e-02 8.760000965771785886e-02
2.899999999999999911e+00 6.440000709996640538e-02 8.760000965771830295e-02
3.000000000000000000e+00 6.600000727636312625e-02 8.760000965771785886e-02
