1.000000000000000000e+00 2.474911219324848685e-02 6.335519107688407370e-02
1.100000000000000089e+00 2.525545016123611694e-02 6.333628350810455165e-02
1.199999999999999956e+00 2.520982911215778610e-02 6.331157626700097130e-02
1.300000000000000044e+00 2.526972767536508901e-02 6.327302972681075888e-02
1.399999999999999911e+00 2.572384225988523163e-02 6.323135188074339996e-02
1.500000000000000000e+00 2.647059445296422175e-02 6.317965216224293024e-02
1.600000000000000089e+00 2.793495549140803669e-02 6.313683616683893329e-02
1.699999999999999956e+00 3.097882253946141265e-02 6.319552045912212035e-02
1.800000000000000044e+00 3.876906426649135567e-02 6.383320862467757595e-02
1.899999999999999911e+00 5.535189267961778542e-02 6.637300329565040680e-02
2.000000000000000000e+00 5.867906557467347795e-02 7.019315983753886268e-02
2.100000000000000089e+00 6.114540097540144270e-02 7.051995846808678525e-02
2.200000000000000178e+00 6.243076586086798024e-02 5.290328072004764348e-02
2.299999999999999822e+00 6.276416399769899068e-02 4.093532590996500770e-02
2.399999999999999911e+00 6.296509398991156914e-02 3.522799858540212603e-02
2.500000000000000000e+00 6.309908628542196252e-02 3.218908866193056356e-02
2.600000000000000089e+00 6.318698591816392096e-02 3.048022766883499296e-02
2.700000000000000178e+00 6.325232520001163039e-02 2.933838359143057031e-02
2.799999999999999822e+00 6.329449997452314680e-02 2.860735125028508394e-02
2.899999999999999911e+00 6.332458547328723153e-02 2.809176899182971171e-02
3.000000000000000000e+00 6.334696930174386897e-02 2.739826877152844176e-02
