1.000000000000000000e+00 8.800000970181631743e-03 7.640000842294103478e-02
1.100000000000000089e+00 8.800000970181853788e-03 7.600000837884191007e-02
1.199999999999999956e+00 8.800000970181631743e-03 7.560000833474300741e-02
1.300000000000000044e+00 8.400000926082507036e-03 7.520000829064432679e-02
1.399999999999999911e+00 8.800000970181853788e-03 7.440000820244518920e-02
1.500000000000000000e+00 8.800000970181631743e-03 7.280000802604913446e-02
1.600000000000000089e+00 8.400000926082729080e-03 7.000000771735459537e-02
1.699999999999999956e+00 8.800000970181631743e-03 6.520000718816421070e-02
1.800000000000000044e+00 9.200001014280756451e-03 5.640000621798257896e-02
1.850000000000000089e+00 1.000000110247922791e-02 5.040000555649548630e-02
1.899999999999999911e+00 1.240000136707464229e-02 4.320000476271035339e-02
1.949999999999999956e+00 1.640000180806588936e-02 3.480000383662762431e-02
2.000000000000000000e+00 2.360000260185057819e-02 2.680000295464468607e-02
2.049999999999999822e+00 3.160000348383462665e-02 1.960000216085910907e-02
2.100000000000000089e+00 3.920000432171866223e-02 1.480000163166916849e-02
2.149999999999999911e+00 4.560000502730532368e-02 1.200000132297551758e-02
2.200000000000000178e+00 5.120000564469395776e-02 1.040000114657857466e-02
2.299999999999999822e+00 5.920000652667711805e-02 9.200001014280534406e-03
2.399999999999999911e+00 6.400000705586683658e-02 9.200001014280534406e-03
2.500000000000000000e+00 6.720000740866072242e-02 8.800000970181631743e-03
2.600000000000000089e+00 6.920000762915612391e-02 8.800000970181631743e-03
2.700000000000000178e+00 7.080000780555306683e-02 8.800000970182075832e-03
2.799999999999999822e+00 7.160000789375153829e-02 8.800000970181187654e-03
2.899999999999999911e+00 7.240000798194912157e-02 8.800000970181631743e-03
3.000000000000000000e+00 7.280000802604891241e-02 8.800000970181631743e-03
