1.000000000000000000e+00 8.840000974591621929e-02 7.680000846704038153e-02
1.100000000000000089e+00 8.800000970181720561e-02 7.680000846704060358e-02
1.199999999999999956e+00 8.800000970181720561e-02 7.680000846704038153e-02
1.300000000000000044e+00 8.800000970181742765e-02 7.680000846704015949e-02
1.399999999999999911e+00 8.800000970181720561e-02 7.600000837884213212e-02
1.500000000000000000e+00 8.800000970181742765e-02 7.560000833474278537e-02
1.600000000000000089e+00 8.760000965771808090e-02 7.440000820244518920e-02
1.699999999999999956e+00 8.680000956951983149e-02 7.200000793785044095e-02
1.800000000000000044e+00 8.440000930492486120e-02 6.840000754095765245e-02
1.850000000000000089e+00 8.160000899623032211e-02 6.600000727636290421e-02
1.899999999999999911e+00 7.520000829064388270e-02 6.480000714406530804e-02
1.949999999999999956e+00 6.560000723226377950e-02 6.480000714406530804e-02
2.000000000000000000e+00 5.760000635028039717e-02 6.800000749685874979e-02
2.049999999999999822e+00 5.480000604158608013e-02 7.480000824654498004e-02
2.100000000000000089e+00 5.520000608568520484e-02 8.200000904033011295e-02
2.149999999999999911e+00 5.720000630618127246e-02 8.680000956951960944e-02
2.200000000000000178e+00 6.000000661487536746e-02 8.840000974591655236e-02
2.299999999999999822e+00 6.400000705586728067e-02 8.920000983411480178e-02
2.399999999999999911e+00 6.760000745275962508e-02 8.960000987821414853e-02
2.500000000000000000e+00 6.960000767325547066e-02 8.920000983411480178e-02
2.600000000000000089e+00 7.080000780555306683e-02 8.920000983411480178e-02
2.700000000000000178e+00 7.160000789375153829e-02 8.920000983411480178e-02
2.799999999999999822e+00 7.280000802604891241e-02 8.880000979001545502e-02
2.899999999999999911e+00 7.320000807014759303e-02 8.880000979001545502e-02
3.000000000000000000e+00 7.360000811424716183e-02 8.880000979001545502e-02
