1.000000000000000000e+00 4.360000480680936708e-02 7.520000829064388270e-02
1.100000000000000089e+00 4.320000476271057543e-02 7.400000815834628654e-02
1.199999999999999956e+00 4.320000476271013135e-02 7.280000802604869037e-02
1.300000000000000044e+00 4.280000471861122868e-02 7.120000784965219154e-02
1.399999999999999911e+00 4.240000467451188193e-02 6.840000754095854063e-02
1.500000000000000000e+00 4.200000463041275722e-02 6.520000718816509888e-02
1.600000000000000089e+00 4.080000449811516106e-02 6.040000665897427012e-02
1.699999999999999956e+00 3.920000432171844018e-02 5.480000604158608013e-02
1.800000000000000044e+00 3.600000396892522048e-02 4.840000533599919663e-02
1.850000000000000089e+00 3.440000379252849960e-02 4.480000493910729631e-02
1.899999999999999911e+00 3.240000357203287606e-02 4.160000458631385456e-02
1.949999999999999956e+00 3.040000335153680844e-02 3.920000432171866223e-02
2.000000000000000000e+00 2.920000321923943432e-02 3.720000410122281664e-02
2.049999999999999822e+00 2.880000317514008756e-02 3.680000405712391398e-02
2.100000000000000089e+00 3.000000330743768373e-02 3.720000410122281664e-02
2.149999999999999911e+00 3.160000348383440461e-02 3.800000418942106606e-02
2.200000000000000178e+00 3.440000379252872165e-02 3.880000427761931547e-02
2.299999999999999822e+00 4.040000445401603635e-02 4.040000445401581430e-02
2.399999999999999911e+00 4.640000511550357309e-02 4.160000458631385456e-02
2.500000000000000000e+00 5.200000573289242922e-02 4.240000467451165989e-02
2.600000000000000089e+00 5.600000617388367630e-02 4.240000467451165989e-02
2.700000000000000178e+00 5.920000652667734009e-02 4.280000471861145073e-02
2.799999999999999822e+00 6.160000679127208834e-02 4.320000476271035339e-02
2.899999999999999911e+00 6.360000701176771187e-02 4.360000480680970014e-02
3.000000000000000000e+00 6.520000718816443275e-02 4.360000480680925605e-02
