2.000000000000000000e+00 1.680000185216501407e-02 1.890000208368558532e-02
3.000000000000000000e+00 1.170000128990067445e-02 1.575000173640495049e-02
4.000000000000000000e+00 8.850000975693994576e-03 1.395000153795900033e-02
5.000000000000000000e+00 7.200000793785354958e-03 1.305000143873558116e-02
6.000000000000000000e+00 6.150000678024625245e-03 1.230000135604969458e-02
7.000000000000000000e+00 5.250000578801206075e-03 1.185000130643798499e-02
8.000000000000000000e+00 4.500000496115985626e-03 1.140000125682671950e-02
1.000000000000000000e+01 3.750000413429654955e-03 1.095000120721500991e-02
1.100000000000000000e+01 3.450000380355477958e-03 1.065000117414083292e-02
1.200000000000000000e+01 3.150000347280856872e-03 1.050000115760374442e-02
1.300000000000000000e+01 3.000000330743768373e-03 1.035000114106621183e-02
1.400000000000000000e+01 2.550000281132058788e-03 1.035000114106621183e-02
1.500000000000000000e+01 2.550000281131836743e-03 1.020000112452912333e-02
1.600000000000000000e+01 2.550000281131836743e-03 1.005000110799203483e-02
