1.000000000000000000e+00 4.470000492808212655e-02 4.440000489500794956e-02
2.000000000000000000e+00 3.195000352242116648e-02 3.195000352242072239e-02
3.000000000000000000e+00 2.610000287747094028e-02 2.640000291054489523e-02
4.000000000000000000e+00 2.250000248057815178e-02 2.280000251365255082e-02
5.000000000000000000e+00 2.010000221598340353e-02 2.025000223252026998e-02
6.000000000000000000e+00 1.815000200099947669e-02 1.845000203407431982e-02
7.000000000000000000e+00 1.680000185216501407e-02 1.710000188523963516e-02
8.000000000000000000e+00 1.560000171986719586e-02 1.590000175294203899e-02
9.000000000000000000e+00 1.470000162064444282e-02 1.515000167025570832e-02
1.000000000000000000e+01 1.395000153795877829e-02 1.425000157103317733e-02
1.100000000000000000e+01 1.320000145527244761e-02 1.365000150488437924e-02
1.200000000000000000e+01 1.230000135604947253e-02 1.305000143873558116e-02
1.300000000000000000e+01 1.170000128990067445e-02 1.230000135604925049e-02
1.400000000000000000e+01 1.095000120721500991e-02 1.170000128990045241e-02
